chr	position	refBase	refCount	NRefBase	NrefCount	depth
2	91822	C	42	N	2	44
2	202466	C	36	N	12	48
2	274584	C	40	N	3	43
2	756080	T	26	N	6	32
2	1052968	C	31	N	8	39
2	1151969	T	46	N	1	47
2	1274771	T	39	N	1	40
2	1351365	T	28	N	6	34
2	1452389	C	46	N	3	49
2	1671420	A	42	N	1	43
2	1797810	G	4	N	30	34
2	2084108	T	46	N	2	48
2	2103024	T	37	N	1	38
2	2132020	A	31	N	1	32
2	2175075	T	36	N	1	37
2	2238579	C	30	N	6	36
2	2583729	G	39	N	0	39
2	2627585	A	37	N	1	38
2	2762779	C	46	N	2	48
2	3393609	C	13	N	20	33
2	3536077	A	28	N	15	43
2	3661181	G	46	N	0	46
2	3819696	A	39	N	1	40
2	3825115	A	8	N	28	36
2	3870352	A	49	N	1	50
2	4248462	C	40	N	1	41
2	4432492	G	42	N	2	44
2	4929869	T	39	N	0	39
2	5137287	C	41	N	1	42
2	5657907	T	32	N	4	36
2	6021618	A	12	N	26	38
2	6235269	T	31	N	7	38
2	6243078	C	37	N	2	39
2	6244479	G	41	N	9	50
2	6807019	T	35	N	1	36
2	7140173	A	50	N	0	50
2	7709225	C	30	N	5	35
2	7732506	C	29	N	2	31
2	7889517	A	34	N	0	34
2	8029359	G	35	N	2	37
2	8032246	C	41	N	0	41
2	8094186	G	42	N	0	42
2	8564014	T	45	N	2	47
2	8607386	A	30	N	0	30
2	8662142	C	35	N	0	35
2	8987412	A	48	N	2	50
2	9043717	A	44	N	0	44
2	9060406	T	37	N	1	38
2	9092544	C	44	N	0	44
2	9319853	C	35	N	10	45
2	9377371	G	47	N	2	49
2	9818082	A	35	N	0	35
2	9867535	C	34	N	6	40
2	9940537	A	37	N	0	37
2	10033821	C	34	N	2	36
2	10038865	G	43	N	2	45
2	10106140	T	44	N	2	46
2	10127432	A	38	N	9	47
2	10177588	T	36	N	10	46
2	10291146	A	31	N	0	31
2	10395129	A	31	N	2	33
2	10560426	G	39	N	3	42
2	10646001	G	33	N	1	34
2	10676395	C	46	N	2	48
2	10716542	A	40	N	9	49
2	10885853	T	43	N	0	43
2	10935418	A	25	N	7	32
2	11276047	A	31	N	6	37
2	11521212	C	33	N	12	45
2	11625833	A	40	N	1	41
2	11724382	T	33	N	10	43
2	11793230	A	32	N	0	32
2	11812603	C	43	N	0	43
2	11938422	A	34	N	2	36
2	12019690	C	30	N	2	32
2	12169740	T	44	N	0	44
2	12194997	G	47	N	3	50
2	12195628	C	34	N	0	34
2	12210086	G	36	N	1	37
2	12229067	G	47	N	1	48
2	12510484	T	38	N	1	39
2	12522200	T	45	N	2	47
2	12617802	C	38	N	1	39
2	12745306	G	26	N	15	41
2	12992373	T	28	N	3	31
2	13265406	T	38	N	1	39
2	13530065	C	11	N	30	41
2	13670702	C	39	N	10	49
2	13677073	G	34	N	9	43
2	13712262	A	46	N	0	46
2	13893629	T	43	N	0	43
2	14003130	T	32	N	0	32
2	14035433	A	37	N	0	37
2	14058149	T	41	N	2	43
2	14215270	G	47	N	1	48
2	14250311	A	42	N	2	44
2	14354520	A	35	N	11	46
2	14378822	T	40	N	0	40
2	14400528	C	35	N	1	36
2	14471767	C	41	N	3	44
2	14536999	A	33	N	2	35
2	14572971	G	42	N	1	43
2	14622976	T	35	N	1	36
2	14773418	A	11	N	28	39
2	15056454	G	32	N	2	34
2	15084888	T	24	N	11	35
2	15098079	A	38	N	7	45
2	15113088	C	49	N	1	50
2	15600514	C	40	N	0	40
2	15627495	G	31	N	2	33
2	15732282	G	35	N	6	41
2	15831326	T	41	N	2	43
2	15989668	G	46	N	2	48
2	16094019	C	24	N	12	36
2	16336681	A	37	N	1	38
2	16359129	T	33	N	3	36
2	16504154	T	29	N	2	31
2	17291461	G	15	N	30	45
2	17373085	C	41	N	1	42
2	17377061	T	48	N	0	48
2	17456584	A	48	N	1	49
2	17619043	G	42	N	2	44
2	17660989	C	35	N	1	36
2	17777163	C	32	N	1	33
2	17999706	C	30	N	0	30
2	18060807	T	9	N	28	37
2	18084548	T	49	N	0	49
2	18311880	C	42	N	3	45
2	18359401	A	40	N	0	40
2	18463077	A	43	N	2	45
2	18489411	G	46	N	3	49
2	18587730	C	33	N	4	37
2	18761453	T	32	N	0	32
2	18776354	T	32	N	1	33
2	18828767	T	47	N	2	49
2	18932823	G	40	N	1	41
2	18942874	T	32	N	14	46
2	19005646	T	31	N	8	39
2	19033802	T	12	N	37	49
2	19043488	C	40	N	0	40
2	19068702	G	36	N	1	37
2	19135700	G	42	N	1	43
2	19283735	T	50	N	0	50
2	19322773	A	40	N	2	42
2	19408847	T	26	N	5	31
2	19558366	T	39	N	1	40
2	19575052	T	41	N	1	42
2	19654773	C	41	N	2	43
2	19772830	G	34	N	1	35
2	20093810	T	37	N	0	37
2	20195028	C	34	N	7	41
2	20375069	T	32	N	1	33
2	20415135	C	37	N	5	42
2	20596319	G	42	N	1	43
2	20628092	A	49	N	1	50
2	20740075	C	45	N	0	45
2	20834378	C	29	N	1	30
2	20958209	C	36	N	1	37
2	21012379	A	35	N	2	37
2	21234706	C	36	N	3	39
2	21244529	C	36	N	1	37
2	21378436	T	47	N	0	47
2	21412840	T	49	N	1	50
2	21540006	T	36	N	2	38
2	21596765	C	34	N	2	36
2	21647110	G	34	N	2	36
2	21690610	C	36	N	3	39
2	21795923	C	39	N	1	40
2	22055946	T	29	N	1	30
2	22059292	A	48	N	0	48
2	22321182	T	37	N	2	39
2	22330460	G	50	N	0	50
2	22521620	G	33	N	9	42
2	22911349	G	37	N	3	40
2	22982380	A	38	N	2	40
2	23115369	C	47	N	2	49
2	23393693	C	36	N	0	36
2	23483607	G	47	N	2	49
2	23490409	G	23	N	15	38
2	23610730	T	37	N	1	38
2	23659202	G	28	N	6	34
2	23706182	A	43	N	0	43
2	23716365	C	43	N	0	43
2	24100737	A	33	N	2	35
2	24167437	C	30	N	0	30
2	24207886	T	36	N	3	39
2	24290943	T	45	N	1	46
2	24337753	A	45	N	1	46
2	24398852	C	34	N	16	50
2	24457059	T	31	N	5	36
2	24721758	G	47	N	3	50
2	24818799	A	37	N	1	38
2	24848461	C	13	N	36	49
2	25055269	G	35	N	0	35
2	25504968	G	41	N	6	47
2	25643327	C	44	N	2	46
2	25840002	C	34	N	0	34
2	26079449	G	47	N	2	49
2	26080714	A	31	N	1	32
2	26672581	G	43	N	0	43
2	26674006	T	26	N	4	30
2	26720129	T	7	N	24	31
2	26765490	G	33	N	0	33
2	27019958	A	36	N	3	39
2	27183121	G	28	N	2	30
2	27215859	G	26	N	8	34
2	27359922	T	49	N	1	50
2	27382418	C	35	N	2	37
2	27431539	G	46	N	4	50
2	27475172	G	40	N	2	42
2	27491097	G	47	N	0	47
2	27549067	C	36	N	3	39
2	27717668	A	34	N	1	35
2	27980945	G	36	N	0	36
2	28002125	G	38	N	0	38
2	28034454	G	45	N	0	45
2	28052344	T	44	N	2	46
2	28192398	A	48	N	2	50
2	28233990	T	29	N	13	42
2	28440498	C	40	N	10	50
2	28446980	G	34	N	3	37
2	28497530	C	15	N	35	50
2	28549254	A	34	N	2	36
2	28904579	C	47	N	2	49
2	28913829	G	43	N	4	47
2	28982747	T	45	N	1	46
2	29009664	A	28	N	2	30
2	29097170	A	30	N	1	31
2	29516212	T	45	N	1	46
2	29681397	C	21	N	10	31
2	29733886	A	40	N	2	42
2	29872236	T	46	N	0	46
2	29883571	T	32	N	0	32
2	30000159	A	46	N	1	47
2	30057162	G	30	N	1	31
2	30168072	G	30	N	4	34
2	30257795	G	38	N	3	41
2	30672810	T	34	N	8	42
2	30784031	G	37	N	2	39
2	30818043	A	24	N	11	35
2	30892037	A	37	N	2	39
2	30923512	T	38	N	1	39
2	30932724	A	35	N	0	35
2	31087117	G	44	N	1	45
2	31354045	C	44	N	1	45
2	31387828	A	31	N	1	32
2	31432407	A	33	N	0	33
2	31445892	G	6	N	26	32
2	31471454	G	9	N	23	32
2	31546338	T	44	N	1	45
2	31591530	A	31	N	0	31
2	31672470	G	43	N	1	44
2	31719898	T	31	N	1	32
2	31981828	A	37	N	1	38
2	31988852	A	36	N	0	36
2	32004899	A	33	N	5	38
2	32141078	C	30	N	3	33
2	32141689	C	31	N	0	31
2	32272240	T	39	N	2	41
2	32350267	A	27	N	11	38
2	32514417	G	33	N	7	40
2	32761894	T	32	N	4	36
2	33097394	G	41	N	1	42
2	33608813	C	11	N	23	34
2	33663708	T	39	N	1	40
2	33933544	C	30	N	0	30
2	34184912	T	46	N	2	48
2	34208451	C	38	N	3	41
2	34220662	A	30	N	1	31
2	34236503	A	49	N	1	50
2	34316265	A	39	N	7	46
2	34473210	A	39	N	2	41
2	34519973	C	32	N	0	32
2	34545534	T	45	N	2	47
2	34547713	A	34	N	10	44
2	34723256	T	32	N	0	32
2	34844012	A	17	N	31	48
2	35099812	C	46	N	1	47
2	35395518	C	43	N	3	46
2	35473561	A	34	N	1	35
2	35488533	G	32	N	7	39
2	35512002	T	36	N	1	37
2	35692861	C	37	N	2	39
2	35719523	A	40	N	2	42
2	35874572	C	48	N	1	49
2	36047235	T	34	N	1	35
2	36099228	G	47	N	2	49
2	36123808	G	48	N	1	49
2	36125000	A	37	N	1	38
2	36282224	G	45	N	0	45
2	36559437	A	33	N	4	37
2	36616384	A	35	N	1	36
2	37154018	A	39	N	0	39
2	37238578	A	33	N	13	46
2	37299047	C	36	N	11	47
2	37357693	T	26	N	11	37
2	37388318	T	7	N	41	48
2	37578667	T	37	N	2	39
2	37781463	C	38	N	2	40
2	37842192	A	34	N	12	46
2	38023372	T	29	N	12	41
2	38077380	T	30	N	1	31
2	38144961	A	33	N	15	48
2	38152282	T	42	N	0	42
2	38152406	A	42	N	0	42
2	38181859	A	47	N	1	48
2	38332431	T	38	N	1	39
2	38349834	C	44	N	1	45
2	38374092	A	31	N	3	34
2	38466397	C	31	N	2	33
2	38665672	G	46	N	1	47
2	39066644	A	29	N	1	30
2	39464815	T	44	N	1	45
2	39624266	A	44	N	2	46
2	39651861	G	40	N	1	41
2	39754932	T	45	N	5	50
2	39809217	T	23	N	8	31
2	39883976	T	47	N	0	47
2	39894386	C	39	N	2	41
2	40115427	A	36	N	8	44
2	40128034	A	34	N	14	48
2	40269781	G	47	N	3	50
2	40392334	A	34	N	1	35
2	40604173	A	45	N	0	45
2	40759366	G	43	N	1	44
2	40856623	C	46	N	2	48
2	40906890	A	14	N	18	32
2	41167789	T	42	N	1	43
2	41183959	A	29	N	1	30
2	41259440	T	20	N	10	30
2	41651554	G	44	N	1	45
2	41652836	T	38	N	2	40
2	41831679	A	33	N	0	33
2	41927391	A	29	N	12	41
2	42072699	A	41	N	1	42
2	42098565	A	39	N	0	39
2	42529469	G	38	N	1	39
2	42592207	C	34	N	2	36
2	42996863	A	46	N	1	47
2	43281503	A	13	N	33	46
2	43364503	A	48	N	1	49
2	43455013	T	36	N	2	38
2	43590371	T	49	N	1	50
2	43615036	C	39	N	1	40
2	43638161	T	41	N	0	41
2	43711748	C	34	N	3	37
2	43803992	A	11	N	36	47
2	43972995	A	34	N	0	34
2	44087974	G	44	N	3	47
2	44153232	A	34	N	1	35
2	44188754	A	37	N	2	39
2	44208261	A	7	N	31	38
2	44238072	G	39	N	1	40
2	44388132	C	35	N	0	35
2	44643233	A	41	N	0	41
2	44754857	G	14	N	34	48
2	44797959	A	33	N	0	33
2	45215624	C	31	N	1	32
2	45485941	C	42	N	1	43
2	45635150	G	28	N	9	37
2	45637624	T	34	N	1	35
2	45657906	A	29	N	4	33
2	45663995	A	32	N	7	39
2	45929198	A	43	N	2	45
2	45935124	T	41	N	4	45
2	46028635	A	38	N	11	49
2	46043447	T	38	N	1	39
2	46290758	A	33	N	2	35
2	46336811	G	48	N	0	48
2	46508093	A	32	N	1	33
2	46587071	C	37	N	1	38
2	46709761	C	33	N	0	33
2	47097094	T	37	N	7	44
2	47118175	T	46	N	3	49
2	47301231	A	48	N	2	50
2	47486333	C	12	N	34	46
2	47493145	G	28	N	8	36
2	47515204	A	42	N	2	44
2	47763696	A	33	N	1	34
2	47897250	T	11	N	32	43
2	47952898	A	44	N	0	44
2	48350652	T	34	N	10	44
2	48466650	T	44	N	1	45
2	48472178	T	37	N	11	48
2	48523019	T	36	N	1	37
2	48886740	G	30	N	4	34
2	48920778	G	36	N	0	36
2	49097192	G	47	N	2	49
2	49200514	G	43	N	2	45
2	49287619	C	45	N	0	45
2	49342496	G	12	N	26	38
2	49393706	C	39	N	1	40
2	49400573	C	36	N	4	40
2	49900224	C	38	N	10	48
2	49913177	A	38	N	1	39
2	49949928	C	31	N	0	31
2	50079249	C	34	N	1	35
2	50100331	C	49	N	0	49
2	50341059	G	42	N	1	43
2	50523269	T	16	N	27	43
2	50553544	C	9	N	26	35
2	50557266	C	46	N	1	47
2	50872230	C	28	N	3	31
2	51014361	A	37	N	0	37
2	51078843	A	40	N	0	40
2	51232421	C	50	N	0	50
2	51251025	T	35	N	1	36
2	51267042	C	46	N	2	48
2	51391228	T	37	N	0	37
2	51551138	A	37	N	2	39
2	51587310	G	33	N	1	34
2	51654907	T	38	N	8	46
2	51729406	T	35	N	0	35
2	51784557	T	36	N	1	37
2	52006001	G	49	N	0	49
2	52129628	A	33	N	2	35
2	52144439	G	8	N	36	44
2	52174487	A	44	N	2	46
2	52179895	A	30	N	2	32
2	52301067	C	44	N	0	44
2	52323926	C	49	N	0	49
2	52343954	A	29	N	1	30
2	52572943	A	34	N	0	34
2	52650011	C	40	N	0	40
2	52659658	A	34	N	10	44
2	52743983	C	48	N	1	49
2	53058374	G	31	N	0	31
2	53120168	T	43	N	2	45
2	53217897	A	47	N	1	48
2	53308539	A	33	N	6	39
2	53429317	C	19	N	29	48
2	53514474	G	46	N	0	46
2	53572849	T	36	N	0	36
2	53623282	C	7	N	28	35
2	53669501	T	40	N	1	41
2	53809415	A	33	N	0	33
2	53859971	T	49	N	1	50
2	53930582	C	48	N	0	48
2	54192960	T	29	N	2	31
2	54303547	C	32	N	1	33
2	54401119	C	40	N	0	40
2	54463475	A	28	N	2	30
2	54623902	T	47	N	1	48
2	54928415	G	46	N	1	47
2	55105827	A	33	N	12	45
2	55156819	T	31	N	1	32
2	55218535	T	26	N	4	30
2	55227806	G	31	N	0	31
2	55339652	T	28	N	3	31
2	55658052	G	37	N	0	37
2	55974184	T	47	N	2	49
2	56274706	A	42	N	1	43
2	56556797	G	42	N	0	42
2	56625125	T	36	N	0	36
2	56730532	G	36	N	1	37
2	56787591	A	27	N	5	32
2	57173652	G	36	N	9	45
2	57196301	T	29	N	1	30
2	57319775	A	40	N	1	41
2	57679112	G	46	N	1	47
2	57814951	G	12	N	38	50
2	57985266	C	43	N	0	43
2	58121467	T	35	N	2	37
2	58268858	A	34	N	0	34
2	58291939	C	46	N	0	46
2	58458655	T	37	N	3	40
2	58532746	G	33	N	0	33
2	58693323	C	40	N	2	42
2	58705173	T	36	N	1	37
2	58887845	C	35	N	9	44
2	59122514	C	33	N	0	33
2	59129322	A	36	N	6	42
2	59129963	G	32	N	0	32
2	59189366	T	28	N	8	36
2	59284584	C	29	N	1	30
2	59405863	A	34	N	1	35
2	59671257	A	41	N	1	42
2	59703583	C	46	N	0	46
2	59930367	T	50	N	0	50
2	59971580	C	35	N	0	35
2	60005396	T	37	N	2	39
2	60459447	T	34	N	8	42
2	60474432	T	34	N	1	35
2	60624553	G	37	N	1	38
2	60694845	A	22	N	15	37
2	60958598	G	30	N	0	30
2	60958971	T	43	N	2	45
2	61129155	A	31	N	0	31
2	61194402	G	36	N	1	37
2	61288445	G	40	N	3	43
2	61306883	A	18	N	23	41
2	61841083	G	36	N	1	37
2	61877667	A	33	N	5	38
2	61916986	G	37	N	0	37
2	61934700	T	38	N	0	38
2	62115366	T	10	N	39	49
2	62174728	G	29	N	1	30
2	62200898	C	31	N	1	32
2	62358614	C	36	N	1	37
2	62463832	A	23	N	8	31
2	62499511	T	29	N	1	30
2	62563065	G	37	N	1	38
2	62610260	G	35	N	1	36
2	62784231	T	42	N	0	42
2	62896046	C	49	N	0	49
2	63007145	C	41	N	2	43
2	63213608	C	43	N	2	45
2	63277816	C	33	N	3	36
2	63294455	T	21	N	12	33
2	63353901	A	40	N	2	42
2	63356278	G	40	N	1	41
2	63422934	A	42	N	0	42
2	63501565	G	39	N	10	49
2	63665133	C	37	N	2	39
2	63859358	G	35	N	3	38
2	63921231	G	38	N	3	41
2	63946478	G	35	N	2	37
2	64211570	A	30	N	6	36
2	64252033	T	44	N	0	44
2	64591974	T	38	N	10	48
2	64693769	G	45	N	1	46
2	64698598	G	40	N	0	40
2	64946289	C	33	N	3	36
2	65291012	T	48	N	0	48
2	65328973	A	30	N	2	32
2	65436388	G	35	N	0	35
2	65542668	C	27	N	9	36
2	65621830	A	31	N	2	33
2	65966441	A	12	N	27	39
2	65985727	C	44	N	2	46
2	65987420	G	38	N	7	45
2	65993027	G	35	N	2	37
2	66037527	T	48	N	2	50
2	66053703	A	23	N	9	32
2	66402727	A	41	N	0	41
2	66601020	T	50	N	0	50
2	66628555	T	42	N	1	43
2	66659664	T	28	N	6	34
2	66717196	T	41	N	2	43
2	66734841	A	32	N	3	35
2	66937055	C	33	N	5	38
2	67068786	C	28	N	2	30
2	67232619	T	38	N	11	49
2	67309760	G	42	N	1	43
2	67314279	G	36	N	12	48
2	67356918	C	10	N	24	34
2	67466757	C	30	N	1	31
2	67602696	G	24	N	6	30
2	67801649	G	33	N	16	49
2	67900752	C	33	N	0	33
2	68181696	T	40	N	0	40
2	68222404	C	33	N	1	34
2	68232522	G	32	N	1	33
2	68234406	G	41	N	7	48
2	68286195	G	31	N	1	32
2	68325535	C	29	N	1	30
2	68349416	T	35	N	1	36
2	68446392	G	30	N	4	34
2	68452069	T	37	N	1	38
2	68558970	G	45	N	1	46
2	68672086	C	50	N	0	50
2	68852174	T	28	N	6	34
2	68962779	G	35	N	6	41
2	68967669	C	31	N	0	31
2	69110790	G	46	N	1	47
2	69140796	T	31	N	2	33
2	69483946	G	36	N	3	39
2	69492407	G	35	N	9	44
2	70071784	T	36	N	1	37
2	70096420	A	27	N	3	30
2	70211469	T	39	N	1	40
2	70611138	C	28	N	6	34
2	70842947	G	39	N	1	40
2	70972078	A	40	N	4	44
2	71109523	A	33	N	11	44
2	71114308	G	37	N	2	39
2	71199868	C	44	N	0	44
2	71330823	G	44	N	0	44
2	71353481	T	46	N	3	49
2	71355793	A	39	N	2	41
2	71457168	A	28	N	10	38
2	71486985	G	27	N	6	33
2	71676067	C	27	N	5	32
2	71949162	C	35	N	1	36
2	72265183	G	26	N	7	33
2	72269046	C	37	N	0	37
2	72304394	A	48	N	2	50
2	72464799	T	34	N	0	34
2	72574806	T	10	N	25	35
2	72651871	C	31	N	2	33
2	72664254	C	29	N	3	32
2	72705618	G	38	N	2	40
2	72750032	C	8	N	31	39
2	72975792	G	34	N	0	34
2	72982096	C	38	N	2	40
2	73103169	T	35	N	4	39
2	73380192	A	42	N	2	44
2	73401324	C	47	N	1	48
2	73552389	G	31	N	8	39
2	73743492	G	39	N	3	42
2	73753788	G	32	N	0	32
2	73765625	T	46	N	1	47
2	73884367	G	39	N	0	39
2	74324775	A	37	N	0	37
2	74428013	C	39	N	2	41
2	74627754	C	30	N	9	39
2	74642542	C	35	N	1	36
2	74650795	T	26	N	10	36
2	74713579	A	32	N	3	35
2	74725297	T	45	N	1	46
2	74775755	C	47	N	2	49
2	74955987	A	30	N	0	30
2	75261693	T	34	N	0	34
2	75437187	A	5	N	34	39
2	75545242	T	42	N	0	42
2	75601198	T	34	N	5	39
2	75703412	G	26	N	5	31
2	75719962	C	35	N	9	44
2	75794264	T	12	N	32	44
2	75964552	T	35	N	2	37
2	76069883	T	26	N	6	32
2	76186434	T	20	N	11	31
2	76230228	T	26	N	9	35
2	76273498	G	43	N	0	43
2	76278901	G	43	N	1	44
2	76361484	C	47	N	1	48
2	76399340	A	37	N	1	38
2	76427738	A	32	N	12	44
2	76428572	C	45	N	0	45
2	76486537	C	36	N	1	37
2	76620899	C	25	N	13	38
2	76680079	G	42	N	8	50
2	76732367	C	43	N	2	45
2	76735663	T	36	N	2	38
2	76770834	A	30	N	1	31
2	76828836	A	33	N	5	38
2	76862110	C	6	N	34	40
2	76902237	T	25	N	15	40
2	77062640	G	24	N	9	33
2	77230535	G	35	N	1	36
2	77258959	T	47	N	0	47
2	77277585	G	32	N	8	40
2	77648149	C	25	N	5	30
2	77676562	G	39	N	1	40
2	77694952	G	33	N	2	35
2	77756200	A	50	N	0	50
2	77942612	C	38	N	1	39
2	78094313	G	44	N	3	47
2	78109831	C	32	N	0	32
2	78123311	G	30	N	2	32
2	78134883	A	20	N	11	31
2	78174847	A	28	N	9	37
2	78181451	C	42	N	0	42
2	78240302	C	36	N	1	37
2	78305140	G	30	N	1	31
2	78348858	T	32	N	3	35
2	78440954	T	33	N	13	46
2	78447404	G	41	N	2	43
2	78574039	C	36	N	0	36
2	78755360	T	40	N	2	42
2	78770507	C	28	N	9	37
2	78776693	C	30	N	5	35
2	79092594	T	38	N	2	40
2	79567106	C	36	N	3	39
2	79607485	C	43	N	3	46
2	79714118	A	34	N	2	36
2	80172660	C	31	N	10	41
2	80288093	A	46	N	2	48
2	80301042	T	45	N	1	46
2	80369642	G	37	N	0	37
2	80544445	G	42	N	2	44
2	80838645	A	41	N	2	43
2	80945424	C	41	N	2	43
2	81042667	C	46	N	0	46
2	81339040	T	30	N	0	30
2	81412850	G	45	N	2	47
2	81473854	G	41	N	6	47
2	81507727	T	47	N	2	49
2	81720993	A	38	N	1	39
2	81811190	T	39	N	0	39
2	81932781	C	49	N	1	50
2	82043625	C	37	N	1	38
2	82045601	C	40	N	8	48
2	82052127	T	40	N	7	47
2	82056080	A	12	N	35	47
2	82151909	T	41	N	0	41
2	82267513	G	41	N	0	41
2	82285145	C	48	N	2	50
2	82285977	T	32	N	1	33
2	82443237	C	48	N	1	49
2	82878315	G	39	N	0	39
2	82916624	C	33	N	1	34
2	83089407	A	29	N	2	31
2	83326991	T	47	N	0	47
2	83418993	T	37	N	4	41
2	83424758	T	42	N	0	42
2	83627322	G	40	N	0	40
2	83716528	G	47	N	1	48
2	83747339	T	33	N	2	35
2	83840007	G	47	N	0	47
2	83901295	T	28	N	11	39
2	83942068	A	36	N	2	38
2	84026165	A	31	N	1	32
2	84146470	C	36	N	12	48
2	84414166	G	36	N	1	37
2	84480642	A	41	N	1	42
2	84521275	C	27	N	3	30
2	84552714	C	31	N	0	31
2	84586644	T	40	N	0	40
2	84784187	G	41	N	4	45
2	84849736	C	34	N	0	34
2	84873122	T	48	N	2	50
2	85001102	A	33	N	0	33
2	85124517	G	29	N	3	32
2	85164646	A	41	N	3	44
2	85585104	G	37	N	2	39
2	85693231	G	35	N	1	36
2	85766462	T	34	N	2	36
2	85781422	A	6	N	25	31
2	85946028	C	46	N	1	47
2	85982916	T	41	N	6	47
2	86107161	G	28	N	4	32
2	86116726	G	36	N	1	37
2	86200158	G	32	N	11	43
2	86297535	T	37	N	1	38
2	86907267	C	36	N	8	44
2	86916307	A	35	N	11	46
2	87272384	G	35	N	1	36
2	87457698	A	33	N	4	37
2	87585878	T	27	N	3	30
2	87863315	C	36	N	2	38
2	87865981	A	22	N	10	32
2	87885499	A	30	N	1	31
2	87922958	C	34	N	6	40
2	87975869	C	32	N	1	33
2	88060447	T	37	N	0	37
2	88074464	G	41	N	8	49
2	88100082	A	13	N	27	40
2	88114887	G	47	N	0	47
2	88211373	C	43	N	0	43
2	88380335	C	6	N	26	32
2	88392283	C	32	N	0	32
2	88801335	G	43	N	0	43
2	88802558	A	36	N	0	36
2	88989828	C	41	N	3	44
2	89048936	C	34	N	3	37
2	89347155	A	20	N	10	30
2	89381376	T	33	N	1	34
2	89862832	A	45	N	1	46
2	89873795	T	31	N	4	35
2	90218773	G	38	N	1	39
2	90366317	T	38	N	3	41
2	90414433	A	36	N	1	37
2	90462238	C	44	N	1	45
2	90780197	A	35	N	1	36
2	90834934	T	36	N	0	36
2	91311674	T	29	N	1	30
2	91463212	A	34	N	6	40
2	91599668	T	31	N	1	32
2	91621264	A	45	N	1	46
2	91715262	G	48	N	1	49
2	91754827	A	30	N	2	32
2	91874194	G	43	N	0	43
2	92001741	T	33	N	1	34
2	92005660	T	44	N	3	47
2	92748404	G	37	N	0	37
2	92777264	T	48	N	1	49
2	92794393	G	37	N	2	39
2	92821573	T	45	N	2	47
2	92860699	G	43	N	3	46
2	93049945	C	30	N	8	38
2	93197456	A	22	N	10	32
2	93317758	G	34	N	0	34
2	93562848	A	38	N	12	50
2	93752770	A	43	N	2	45
2	93760800	G	49	N	0	49
2	93794630	A	31	N	1	32
2	94039886	C	31	N	1	32
2	94084990	G	39	N	3	42
2	94160584	T	27	N	6	33
2	94277290	A	43	N	1	44
2	94481450	A	44	N	4	48
2	94604679	C	41	N	1	42
2	94783115	C	40	N	1	41
2	94807490	A	38	N	12	50
2	94863782	A	47	N	2	49
2	94870907	G	42	N	0	42
2	94873341	T	40	N	2	42
2	94927647	G	32	N	0	32
2	95541030	G	38	N	11	49
2	95588328	C	25	N	9	34
2	95994428	G	41	N	1	42
2	96229397	A	40	N	1	41
2	96813744	G	35	N	2	37
2	96926556	A	28	N	7	35
2	97083346	C	45	N	0	45
2	97185376	A	39	N	1	40
2	97295222	G	41	N	0	41
2	97418959	T	44	N	1	45
2	97538444	T	43	N	1	44
2	97675561	C	30	N	0	30
2	97732644	A	41	N	0	41
2	97901297	G	38	N	1	39
2	98097519	G	37	N	2	39
2	98194982	C	31	N	2	33
2	98211505	A	6	N	32	38
2	98329306	C	49	N	0	49
2	98388612	C	31	N	3	34
2	98511218	A	35	N	3	38
2	98605690	C	45	N	3	48
2	98965567	C	31	N	1	32
2	99102053	C	31	N	0	31
2	99307537	C	38	N	3	41
2	99319654	C	30	N	14	44
2	99330981	T	39	N	7	46
2	99356116	C	32	N	0	32
2	99443666	T	35	N	1	36
2	99685337	C	41	N	1	42
2	99734836	G	42	N	1	43
2	99967138	T	30	N	1	31
2	100167268	A	36	N	2	38
2	100275183	G	42	N	2	44
2	100377895	G	49	N	1	50
2	100455626	A	9	N	21	30
2	100486944	C	38	N	1	39
2	100717385	G	38	N	0	38
2	100738125	G	38	N	0	38
2	100751613	A	36	N	0	36
2	100813037	T	47	N	0	47
2	100817367	A	40	N	1	41
2	101036726	T	34	N	1	35
2	101166452	G	27	N	9	36
2	101363967	T	45	N	0	45
2	101399588	A	42	N	3	45
2	101581518	A	30	N	1	31
2	101634737	G	31	N	0	31
2	101659052	T	42	N	1	43
2	101678314	G	48	N	2	50
2	101733131	C	34	N	2	36
2	101734254	A	34	N	1	35
2	101887293	T	11	N	22	33
2	101963218	A	31	N	1	32
2	102028377	G	43	N	0	43
2	102059855	G	47	N	1	48
2	102125404	T	42	N	1	43
2	102320117	G	45	N	0	45
2	102472429	C	27	N	12	39
2	102740810	T	40	N	1	41
2	102809716	T	47	N	0	47
2	102830177	C	29	N	3	32
2	102990913	A	30	N	0	30
2	102997549	T	41	N	0	41
2	103333692	G	18	N	28	46
2	103397834	C	30	N	0	30
2	103421559	C	29	N	4	33
2	103497136	A	48	N	0	48
2	103534867	C	32	N	10	42
2	103548038	A	45	N	2	47
2	103549753	A	44	N	0	44
2	103621664	C	31	N	11	42
2	103784789	A	42	N	1	43
2	103986214	A	47	N	0	47
2	104044423	C	41	N	0	41
2	104322986	G	46	N	1	47
2	104396389	A	33	N	3	36
2	104628124	A	29	N	4	33
2	104674193	A	33	N	0	33
2	104801450	G	31	N	1	32
2	105209050	G	39	N	1	40
2	105322755	G	45	N	3	48
2	105424520	T	43	N	2	45
2	105448037	T	43	N	1	44
2	105583401	T	33	N	7	40
2	105674487	G	32	N	3	35
2	105815988	T	24	N	10	34
2	105881703	C	31	N	0	31
2	105984123	C	46	N	0	46
2	106097648	T	33	N	1	34
2	106140479	G	36	N	12	48
2	106216590	A	43	N	1	44
2	106223473	G	45	N	3	48
2	106277223	C	24	N	8	32
2	106558669	A	44	N	0	44
2	106583440	C	32	N	0	32
2	106807077	C	29	N	2	31
2	106830063	C	30	N	4	34
2	107069146	A	34	N	0	34
2	107154426	G	35	N	1	36
2	107198760	T	30	N	1	31
2	107271412	C	44	N	1	45
2	107381463	C	36	N	1	37
2	107503522	G	36	N	14	50
2	107604802	G	46	N	1	47
2	107906710	A	47	N	1	48
2	107950952	A	29	N	9	38
2	107970732	A	38	N	10	48
2	108129918	G	43	N	0	43
2	108363872	C	45	N	3	48
2	108549343	C	33	N	1	34
2	108604210	G	31	N	11	42
2	108862725	G	33	N	12	45
2	108917689	G	35	N	1	36
2	108998357	A	34	N	3	37
2	109032681	A	43	N	2	45
2	109112396	G	44	N	0	44
2	109191289	T	48	N	1	49
2	109342649	G	28	N	4	32
2	109532502	C	35	N	11	46
2	109802315	C	32	N	4	36
2	110053410	T	40	N	2	42
2	110191129	G	31	N	1	32
2	110224006	A	42	N	0	42
2	110333544	C	36	N	7	43
2	110392942	A	33	N	0	33
2	110427217	G	50	N	0	50
2	110630955	G	14	N	31	45
2	110676631	A	38	N	0	38
2	110838142	C	45	N	0	45
2	110872323	T	37	N	1	38
2	111378557	C	33	N	1	34
2	111389770	C	31	N	12	43
2	111436556	G	40	N	1	41
2	111866053	C	43	N	0	43
2	111915716	T	31	N	11	42
2	111923694	A	46	N	3	49
2	112079284	C	40	N	4	44
2	112125645	G	36	N	1	37
2	112171819	G	42	N	0	42
2	112261271	C	35	N	1	36
2	112282584	T	27	N	7	34
2	112396081	T	31	N	6	37
2	112446977	G	43	N	1	44
2	112472849	G	28	N	15	43
2	112498853	G	45	N	0	45
2	112693068	T	7	N	23	30
2	112694155	G	42	N	1	43
2	112749390	C	50	N	0	50
2	112807485	C	39	N	7	46
2	112822419	T	29	N	7	36
2	112959560	A	36	N	0	36
2	113141160	G	5	N	37	42
2	113541453	G	44	N	0	44
2	113620759	A	40	N	1	41
2	113754847	A	42	N	1	43
2	113782797	T	47	N	1	48
2	113817300	A	47	N	1	48
2	113823728	T	44	N	2	46
2	113878834	T	38	N	0	38
2	113929217	C	40	N	2	42
2	113978625	C	42	N	1	43
2	114027764	C	35	N	0	35
2	114088526	G	30	N	0	30
2	114293091	C	14	N	31	45
2	114655141	T	37	N	0	37
2	114763437	T	31	N	3	34
2	114794100	T	7	N	32	39
2	114859816	C	38	N	0	38
2	115005225	C	33	N	1	34
2	115274747	C	43	N	0	43
2	115308158	A	46	N	2	48
2	115697134	C	29	N	1	30
2	115723637	A	44	N	1	45
2	115809980	C	34	N	1	35
2	115826867	T	46	N	3	49
2	115947476	G	28	N	9	37
2	115989735	G	41	N	2	43
2	116112209	A	40	N	3	43
2	116386636	A	37	N	0	37
2	116447483	A	30	N	10	40
2	116454586	C	49	N	0	49
2	116577868	G	24	N	10	34
2	116632187	A	41	N	2	43
2	116701079	T	22	N	8	30
2	116905293	G	30	N	0	30
2	116956186	A	33	N	1	34
2	116967092	C	31	N	1	32
2	117090498	G	25	N	8	33
2	117094451	C	30	N	2	32
2	117107689	G	40	N	3	43
2	117224968	C	46	N	1	47
2	117258710	G	39	N	0	39
2	117400337	T	41	N	0	41
2	117468795	G	38	N	7	45
2	117532487	C	32	N	0	32
2	117692964	T	30	N	11	41
2	117726712	A	26	N	8	34
2	117754827	C	41	N	1	42
2	117816187	G	36	N	1	37
2	118083092	T	45	N	1	46
2	118220833	T	34	N	0	34
2	118288969	A	46	N	2	48
2	118342797	T	34	N	1	35
2	118511428	A	29	N	2	31
2	118533060	T	46	N	0	46
2	118535503	C	45	N	1	46
2	118566990	C	24	N	13	37
2	118609319	T	47	N	1	48
2	118693449	T	47	N	0	47
2	118844645	G	47	N	1	48
2	119283327	G	31	N	3	34
